0 0.14990234375 0.6015625 0.03 0.03
0 0.13330078125 0.544921875 0.03 0.03
0 0.197265625 0.5611979166666666 0.03 0.03
0 0.224609375 0.6178385416666666 0.03 0.03
0 0.28125 0.8411458333333334 0.03 0.03
0 0.3125 0.8046875 0.03 0.03
0 0.412109375 0.8346354166666666 0.03 0.03
0 0.388671875 0.8932291666666666 0.03 0.03
0 0.35205078125 0.9694010416666666 0.03 0.03
0 0.26123046875 0.9127604166666666 0.03 0.03
0 0.22119140625 0.8665364583333334 0.03 0.03
0 0.21240234375 0.8997395833333334 0.03 0.03
0 0.22705078125 0.9446614583333334 0.03 0.03
0 0.255859375 0.9466145833333334 0.03 0.03
0 0.32470703125 0.89453125 0.03 0.03
0 0.31494140625 0.953125 0.03 0.03
0 0.52099609375 0.908203125 0.03 0.03
0 0.52490234375 0.8548177083333334 0.03 0.03
0 0.53125 0.8294270833333334 0.03 0.03
0 0.541015625 0.884765625 0.03 0.03
0 0.6123046875 0.8548177083333334 0.03 0.03
0 0.60986328125 0.953125 0.03 0.03
0 0.638671875 0.9479166666666666 0.03 0.03
0 0.68359375 0.806640625 0.03 0.03
0 0.697265625 0.74609375 0.03 0.03
0 0.6875 0.66796875 0.03 0.03
0 0.54345703125 0.5494791666666666 0.03 0.03
0 0.52490234375 0.4928385416666667 0.03 0.03
0 0.5634765625 0.4147135416666667 0.03 0.03
0 0.61083984375 0.4114583333333333 0.03 0.03
0 0.61865234375 0.4596354166666667 0.03 0.03
0 0.6171875 0.509765625 0.03 0.03
0 0.56591796875 0.4661458333333333 0.03 0.03
0 0.44873046875 0.4811197916666667 0.03 0.03
0 0.44580078125 0.5416666666666666 0.03 0.03
0 0.4345703125 0.5716145833333334 0.03 0.03
0 0.4033203125 0.58984375 0.03 0.03
0 0.380859375 0.5377604166666666 0.03 0.03
0 0.357421875 0.5149739583333334 0.03 0.03
0 0.35595703125 0.5748697916666666 0.03 0.03
0 0.30859375 0.3880208333333333 0.03 0.03
0 0.33740234375 0.3561197916666667 0.03 0.03
0 0.32958984375 0.2864583333333333 0.03 0.03
0 0.3310546875 0.22135416666666666 0.03 0.03
0 0.2509765625 0.16666666666666666 0.03 0.03
0 0.20361328125 0.3333333333333333 0.03 0.03
0 0.19091796875 0.21940104166666666 0.03 0.03
0 0.16357421875 0.2779947916666667 0.03 0.03
0 0.15869140625 0.19661458333333334 0.03 0.03
0 0.06591796875 0.2981770833333333 0.03 0.03
0 0.0498046875 0.3463541666666667 0.03 0.03
0 0.06494140625 0.3932291666666667 0.03 0.03
0 0.0947265625 0.384765625 0.03 0.03
0 0.1220703125 0.3548177083333333 0.03 0.03
0 0.10498046875 0.4212239583333333 0.03 0.03
0 0.07861328125 0.427734375 0.03 0.03
0 0.02734375 0.4296875 0.03 0.03
0 0.03955078125 0.5 0.03 0.03
0 0.0224609375 0.5416666666666666 0.03 0.03
0 0.08984375 0.5182291666666666 0.03 0.03
0 0.1083984375 0.556640625 0.03 0.03
0 0.05712890625 0.6061197916666666 0.03 0.03
0 0.10107421875 0.6399739583333334 0.03 0.03
0 0.0458984375 0.703125 0.03 0.03
0 0.08837890625 0.736328125 0.03 0.03
0 0.1259765625 0.7760416666666666 0.03 0.03
0 0.1708984375 0.7513020833333334 0.03 0.03
0 0.85986328125 0.62109375 0.03 0.03
0 0.88330078125 0.556640625 0.03 0.03
0 0.8408203125 0.5045572916666666 0.03 0.03
0 0.7470703125 0.4680989583333333 0.03 0.03
0 0.763671875 0.5494791666666666 0.03 0.03
0 0.77587890625 0.4498697916666667 0.03 0.03
0 0.78369140625 0.4127604166666667 0.03 0.03
0 0.794921875 0.3782552083333333 0.03 0.03
0 0.84228515625 0.3880208333333333 0.03 0.03
0 0.87109375 0.419921875 0.03 0.03
0 0.73095703125 0.294921875 0.03 0.03
0 0.70361328125 0.3515625 0.03 0.03
0 0.69482421875 0.2610677083333333 0.03 0.03
0 0.76611328125 0.236328125 0.03 0.03
0 0.78955078125 0.2727864583333333 0.03 0.03
0 0.73828125 0.19791666666666666 0.03 0.03
0 0.71337890625 0.17643229166666666 0.03 0.03
0 0.64990234375 0.189453125 0.03 0.03
0 0.63720703125 0.2662760416666667 0.03 0.03
0 0.61474609375 0.2799479166666667 0.03 0.03
0 0.52099609375 0.2760416666666667 0.03 0.03
0 0.544921875 0.20442708333333334 0.03 0.03
0 0.59619140625 0.1796875 0.03 0.03
0 0.63232421875 0.15104166666666666 0.03 0.03
0 0.5048828125 0.1328125 0.03 0.03
0 0.57861328125 0.056640625 0.03 0.03
0 0.57861328125 0.10481770833333333 0.03 0.03
0 0.64453125 0.10286458333333333 0.03 0.03
0 0.68603515625 0.14973958333333334 0.03 0.03
0 0.67236328125 0.10286458333333333 0.03 0.03
0 0.701171875 0.087890625 0.03 0.03
0 0.67724609375 0.044921875 0.03 0.03
0 0.64453125 0.046223958333333336 0.03 0.03
0 0.4521484375 0.2265625 0.03 0.03
0 0.4287109375 0.2877604166666667 0.03 0.03
0 0.40966796875 0.3216145833333333 0.03 0.03
0 0.388671875 0.306640625 0.03 0.03
0 0.37841796875 0.15625 0.03 0.03
0 0.41748046875 0.13802083333333334 0.03 0.03
0 0.44873046875 0.12630208333333334 0.03 0.03
0 0.36474609375 0.04296875 0.03 0.03
0 0.35498046875 0.06640625 0.03 0.03
0 0.25 0.10807291666666667 0.03 0.03
0 0.2021484375 0.06315104166666667 0.03 0.03
0 0.2021484375 0.10286458333333333 0.03 0.03
0 0.15966796875 0.041666666666666664 0.03 0.03
0 0.3984375 0.6549479166666666 0.03 0.03
0 0.30712890625 0.6497395833333334 0.03 0.03
0 0.2822265625 0.7115885416666666 0.03 0.03
0 0.22607421875 0.703125 0.03 0.03
0 0.8359375 0.7532552083333334 0.03 0.03
0 0.7783203125 0.8880208333333334 0.03 0.03
0 0.73583984375 0.896484375 0.03 0.03
0 0.75244140625 0.8815104166666666 0.03 0.03
